5075.0 116.64621 34.70517
5079.0 116.64621 34.70517
5228.0 116.63981 34.69583
5245.0 116.63981 34.69583
5266.0 116.63981 34.69583
5269.0 116.63981 34.69583
5298.0 116.63981 34.69583
5313.0 116.63981 34.69583
5315.0 116.63981 34.69583
5496.0 116.63337 34.68675
5626.0 116.61084 34.69471
5653.0 116.61084 34.69471
5699.0 116.61084 34.69471
5703.0 116.61084 34.69471
5714.0 116.61084 34.69471
5912.0 116.59786 34.70053
5992.0 116.59786 34.70053
5993.0 116.59786 34.70053
5994.0 116.59786 34.70053
5994.0 116.59786 34.70053
5996.0 116.59786 34.70053
5996.0 116.59786 34.70053
5999.0 116.59786 34.70053
6002.0 116.59786 34.70053
6009.0 116.59786 34.70053
6029.0 116.59786 34.70053
6031.0 116.59786 34.70053
6052.0 116.59786 34.70053
6053.0 116.59786 34.70053
6234.0 116.59786 34.70053
6235.0 116.59786 34.70053
6252.0 116.59786 34.70053
6329.0 116.59786 34.70053
6348.0 116.59786 34.70053
6398.0 116.59786 34.70053
6464.0 116.59786 34.70053
6475.0 116.59786 34.70053
6494.0 116.59786 34.70053
6775.0 116.59786 34.70053
6813.0 116.59786 34.70053
6938.0 116.59786 34.70053
7377.0 116.59786 34.70053
7393.0 116.59786 34.70053
7433.0 116.59786 34.70053
7478.0 116.59786 34.70053
7498.0 116.59786 34.70053
7732.0 116.59786 34.70053
7804.0 116.59786 34.70053
8857.0 116.59786 34.70053
8858.0 116.59786 34.70053
8880.0 116.59786 34.70053
8883.0 116.598791 34.703651
8896.0 116.598791 34.703651
8947.0 116.598791 34.703651
8951.0 116.598791 34.703651
8962.0 116.598791 34.703651
8974.0 116.598791 34.703651
8974.0 116.598791 34.703651
8975.0 116.598791 34.703651
8981.0 116.59786 34.70053
8987.0 116.59786 34.70053
8995.0 116.59786 34.70053
8999.0 116.59786 34.70053
9011.0 116.59786 34.70053
9123.0 116.59786 34.70053
9277.0 116.59786 34.70053
9401.0 116.59786 34.70053
9613.0 116.59786 34.70053
9655.0 116.59786 34.70053
9683.0 116.59786 34.70053
9691.0 116.59786 34.70053
9691.0 116.59786 34.70053
9694.0 116.59786 34.70053
9735.0 116.59786 34.70053
9745.0 116.59786 34.70053
9760.0 116.59786 34.70053
9767.0 116.59786 34.70053
9794.0 116.59786 34.70053
9910.0 116.59786 34.70053
10062.0 116.59786 34.70053
10118.0 116.59786 34.70053
10175.0 116.59786 34.70053
10184.0 116.59786 34.70053
10191.0 116.59786 34.70053
10196.0 116.59786 34.70053
10233.0 116.59786 34.70053
10261.0 116.59786 34.70053
10425.0 116.59786 34.70053
10442.0 116.59786 34.70053
10523.0 116.59786 34.70053
10637.0 116.59786 34.70053
10644.0 116.59786 34.70053
10644.0 116.59786 34.70053
10654.0 116.59786 34.70053
